Impressive navigation:

-0.9479703450016617
-0.43823736038569683
0.9812783632247593
-0.2769707825176009
0.8617848118751619
-0.5655879957769501
0.6648068762812143
-1.1813122720227747
-0.9483648240771589
-0.4971307165939822
0.2528079832197445
-0.5256207288540686
-0.99650869057451
0.123237416065348
-0.5492978469384885
0.5966743701392203
-0.8691297853696548
-0.3718743033909506
0.4360586594755659
-0.4894491174942659
0.34520774666977694
-0.150491952220976
0.9152043251281348

Another impressive one:
-0.9479703450016617
-0.6605079957558392
0.9812783632247593
-0.2769707825176009
0.8617848118751619
-0.5655879957769501
0.6648068762812143
-1.1813122720227747
-0.9483648240771589
-0.28470218512007767
0.2528079832197445
-0.5256207288540686
-1.025172918028934
-0.14860701322009434
-0.28386176952605596
0.5966743701392203
-0.8691297853696548
-0.10108990933796919
0.4360586594755659
-0.4894491174942659
0.34520774666977694
-0.150491952220976
0.9152043251281348